sform argument target_frame - frame does not exist
At time 1730884916.638520994
- Translation: [0.000, 0.000, 0.000]
- Rotation: in Quaternion [0.000, 0.000, 0.006, 1.000]
- Rotation: in RPY (radian) [0.000, -0.000, 0.011]
- Rotation: in RPY (degree) [0.000, -0.000, 0.641]
- Matrix:
  1.000 -0.011  0.000  0.000
  0.011  1.000  0.000  0.000
  0.000  0.000  1.000  0.000
  0.000  0.000  0.000  1.000
At time 1730884917.646317150
- Translation: [0.000, 0.000, 0.000]
- Rotation: in Quaternion [0.000, 0.000, 0.006, 1.000]
- Rotation: in RPY (radian) [0.000, -0.000, 0.011]
- Rotation: in RPY (degree) [0.000, -0.000, 0.641]
- Matrix:
  1.000 -0.011  0.000  0.000
  0.011  1.000  0.000  0.000
  0.000  0.000  1.000  0.000
  0.000  0.000  0.000  1.000
At time 1730884918.639087817
- Translation: [0.800, 0.009, 0.000]
- Rotation: in Quaternion [0.000, 0.000, 0.006, 1.000]
- Rotation: in RPY (radian) [0.000, -0.000, 0.011]
- Rotation: in RPY (degree) [0.000, -0.000, 0.641]
- Matrix:
  1.000 -0.011  0.000  0.800
  0.011  1.000  0.000  0.009
  0.000  0.000  1.000  0.000
  0.000  0.000  0.000  1.000
At time 1730884919.630506845
- Translation: [1.550, 0.011, 0.000]
- Rotation: in Quaternion [0.000, 0.000, 0.002, 1.000]
- Rotation: in RPY (radian) [0.000, -0.000, 0.005]
- Rotation: in RPY (degree) [0.000, -0.000, 0.282]
- Matrix:
  1.000 -0.005  0.000  1.550
  0.005  1.000  0.000  0.011
  0.000  0.000  1.000  0.000
  0.000  0.000  0.000  1.000
At time 1730884920.638380117
- Translation: [0.848, 0.002, 0.000]
- Rotation: in Quaternion [0.000, 0.000, -0.001, 1.000]
- Rotation: in RPY (radian) [0.000, 0.000, -0.002]
- Rotation: in RPY (degree) [0.000, 0.000, -0.127]
- Matrix:
  1.000  0.002  0.000  0.848
 -0.002  1.000 -0.000  0.002
 -0.000  0.000  1.000  0.000
  0.000  0.000  0.000  1.000
At time 1730884921.646237874
- Translation: [0.423, 0.001, 0.000]
- Rotation: in Quaternion [0.000, 0.000, -0.002, 1.000]
- Rotation: in RPY (radian) [0.000, 0.000, -0.005]
- Rotation: in RPY (degree) [0.000, 0.000, -0.283]
- Matrix:
  1.000  0.005  0.000  0.423
 -0.005  1.000 -0.000  0.001
 -0.000  0.000  1.000  0.000
  0.000  0.000  0.000  1.000
At time 1730884922.639370661
- Translation: [0.212, 0.000, 0.000]
- Rotation: in Quaternion [0.000, 0.000, -0.003, 1.000]
- Rotation: in RPY (radian) [0.000, 0.000, -0.006]
- Rotation: in RPY (degree) [0.000, 0.000, -0.359]
- Matrix:
  1.000  0.006  0.000  0.212
 -0.006  1.000 -0.000  0.000
 -0.000  0.000  1.000  0.000
  0.000  0.000  0.000  1.000
At time 1730884923.630916110
- Translation: [0.107, 0.000, 0.000]
- Rotation: in Quaternion [0.000, 0.000, -0.003, 1.000]
- Rotation: in RPY (radian) [0.000, 0.000, -0.007]
- Rotation: in RPY (degree) [0.000, 0.000, -0.397]
- Matrix:
  1.000  0.007  0.000  0.107
 -0.007  1.000 -0.000  0.000
 -0.000  0.000  1.000  0.000
  0.000  0.000  0.000  1.000
At time 1730884924.638645682
- Translation: [0.581, 0.362, 0.000]
- Rotation: in Quaternion [0.000, 0.000, 0.319, 0.948]
- Rotation: in RPY (radian) [0.000, -0.000, 0.649]
- Rotation: in RPY (degree) [0.000, -0.000, 37.171]
- Matrix:
  0.797 -0.604  0.000  0.581
  0.604  0.797  0.000  0.362
  0.000  0.000  1.000  0.000
  0.000  0.000  0.000  1.000
At time 1730884925.630904316
- Translation: [0.769, 0.525, 0.000]
- Rotation: in Quaternion [0.000, 0.000, 0.522, 0.853]
- Rotation: in RPY (radian) [0.000, -0.000, 1.098]
- Rotation: in RPY (degree) [0.000, -0.000, 62.899]
- Matrix:
  0.456 -0.890  0.000  0.769
  0.890  0.456  0.000  0.525
  0.000  0.000  1.000  0.000
  0.000  0.000  0.000  1.000
At time 1730884926.639010456
- Translation: [0.717, 0.320, 0.000]
- Rotation: in Quaternion [0.000, 0.000, 0.632, 0.775]
- Rotation: in RPY (radian) [0.000, -0.000, 1.368]
- Rotation: in RPY (degree) [0.000, -0.000, 78.384]
- Matrix:
  0.201 -0.980  0.000  0.717
  0.980  0.201  0.000  0.320
  0.000  0.000  1.000  0.000
  0.000  0.000  0.000  1.000
At time 1730884927.630154236
- Translation: [0.534, 0.999, 0.000]
- Rotation: in Quaternion [0.000, 0.000, 0.676, 0.737]
- Rotation: in RPY (radian) [0.000, -0.000, 1.484]
- Rotation: in RPY (degree) [0.000, -0.000, 85.031]
- Matrix:
  0.087 -0.996  0.000  0.534
  0.996  0.087  0.000  0.999
  0.000  0.000  1.000  0.000
  0.000  0.000  0.000  1.000
At time 1730884928.638265064
- Translation: [0.872, 0.932, 0.000]
- Rotation: in Quaternion [0.000, 0.000, 0.511, 0.859]
- Rotation: in RPY (radian) [0.000, -0.000, 1.073]
- Rotation: in RPY (degree) [0.000, -0.000, 61.488]
- Matrix:
  0.477 -0.879  0.000  0.872
  0.879  0.477  0.000  0.932
  0.000  0.000  1.000  0.000
  0.000  0.000  0.000  1.000
At time 1730884929.646415650
- Translation: [1.325, 0.515, 0.000]
- Rotation: in Quaternion [0.000, 0.000, 0.152, 0.988]
- Rotation: in RPY (radian) [0.000, -0.000, 0.306]
- Rotation: in RPY (degree) [0.000, -0.000, 17.532]
- Matrix:
  0.954 -0.301  0.000  1.325
  0.301  0.954  0.000  0.515
  0.000  0.000  1.000  0.000
  0.000  0.000  0.000  1.000
At time 1730884930.638755345
- Translation: [2.174, 0.108, 0.000]
- Rotation: in Quaternion [0.000, 0.000, -0.016, 1.000]
- Rotation: in RPY (radian) [0.000, 0.000, -0.031]
- Rotation: in RPY (degree) [0.000, 0.000, -1.793]
- Matrix:
  1.000  0.031  0.000  2.174
 -0.031  1.000 -0.000  0.108
 -0.000  0.000  1.000  0.000
  0.000  0.000  0.000  1.000
At time 1730884931.646519321
- Translation: [2.064, -0.088, 0.000]
- Rotation: in Quaternion [0.000, 0.000, 0.214, 0.977]
- Rotation: in RPY (radian) [0.000, -0.000, 0.432]
- Rotation: in RPY (degree) [0.000, -0.000, 24.738]
- Matrix:
  0.908 -0.418  0.000  2.064
  0.418  0.908  0.000 -0.088
  0.000  0.000  1.000  0.000
  0.000  0.000  0.000  1.000
At time 1730884932.638269428
- Translation: [1.578, 0.215, 0.000]
- Rotation: in Quaternion [0.000, 0.000, 0.471, 0.882]
- Rotation: in RPY (radian) [0.000, -0.000, 0.982]
- Rotation: in RPY (degree) [0.000, -0.000, 56.244]
- Matrix:
  0.556 -0.831  0.000  1.578
  0.831  0.556  0.000  0.215
  0.000  0.000  1.000  0.000
  0.000  0.000  0.000  1.000
At time 1730884933.646525036
- Translation: [1.064, 0.894, 0.000]
- Rotation: in Quaternion [0.000, 0.000, 0.656, 0.755]
- Rotation: in RPY (radian) [0.000, -0.000, 1.430]
- Rotation: in RPY (degree) [0.000, -0.000, 81.941]
- Matrix:
  0.140 -0.990  0.000  1.064
  0.990  0.140  0.000  0.894
  0.000  0.000  1.000  0.000
  0.000  0.000  0.000  1.000
At time 1730884934.638780070
- Translation: [1.198, 1.237, 0.000]
- Rotation: in Quaternion [0.000, 0.000, 0.622, 0.783]
- Rotation: in RPY (radian) [0.000, -0.000, 1.344]
- Rotation: in RPY (degree) [0.000, -0.000, 76.990]
- Matrix:
  0.225 -0.974  0.000  1.198
  0.974  0.225  0.000  1.237
  0.000  0.000  1.000  0.000
  0.000  0.000  0.000  1.000
At time 1730884935.630261581
- Translation: [2.045, 1.267, 0.000]
- Rotation: in Quaternion [0.000, 0.000, 0.383, 0.924]
- Rotation: in RPY (radian) [0.000, -0.000, 0.785]
- Rotation: in RPY (degree) [0.000, -0.000, 44.987]
- Matrix:
  0.707 -0.707  0.000  2.045
  0.707  0.707  0.000  1.267
  0.000  0.000  1.000  0.000
  0.000  0.000  0.000  1.000
At time 1730884936.638859236
- Translation: [3.102, 0.898, 0.000]
- Rotation: in Quaternion [0.000, 0.000, 0.135, 0.991]
- Rotation: in RPY (radian) [0.000, -0.000, 0.271]
- Rotation: in RPY (degree) [0.000, -0.000, 15.535]
- Matrix:
  0.963 -0.268  0.000  3.102
  0.268  0.963  0.000  0.898
  0.000  0.000  1.000  0.000
  0.000  0.000  0.000  1.000
At time 1730884937.646312078
- Translation: [2.251, 0.226, 0.000]
- Rotation: in Quaternion [0.000, 0.000, 0.007, 1.000]
- Rotation: in RPY (radian) [0.000, -0.000, 0.014]
- Rotation: in RPY (degree) [0.000, -0.000, 0.805]
- Matrix:
  1.000 -0.014  0.000  2.251
  0.014  1.000  0.000  0.226
  0.000  0.000  1.000  0.000
  0.000  0.000  0.000  1.000
  
